# evalue= , Couverture du hit: 0 , % d'identité: 100.0 ; taille min des blocs: 2  
 1ere prot X    Dernière prot X    1ere prot Y    Derniere prot Y    Taille du bloc



# evalue= , Couverture du hit: 0 , % d'identité: 0 ; taille min des blocs: 2  
 1ere prot X    Dernière prot X    1ere prot Y    Derniere prot Y    Taille du bloc

1	15	2224	2238	15
1167	1168	1692	1693	2
2632	2633	2992	2993	2
2722	2723	3290	3291	2
29	33	2268	2272	5
2808	2809	3601	3602	2
36	38	2274	2276	3
37	38	1031	1032	2
825	827	2040	2042	3
277	278	2280	2281	2
1368	1390	3371	3393	23
1776	1777	3779	3780	2
1084	1085	1880	1881	2
547	548	2803	2804	2
1282	1283	1708	1709	2
305	306	3333	3334	2
1167	1168	1269	1270	2
2778	2780	3573	3575	3
1091	1093	1364	1366	3
2045	2046	2470	2471	2
601	602	2081	2082	2
337	338	1560	1561	2
917	921	1880	1884	5
2024	2025	2179	2180	2
42	43	2296	2297	2
46	51	2299	2304	6
606	616	2859	2869	11
58	68	2326	2336	11
71	74	2339	2342	4
81	84	2349	2352	4
108	109	1758	1759	2
1450	1453	3477	3480	4
95	99	2364	2368	5
76	80	2343	2347	5
972	975	3316	3319	4
998	1003	3342	3347	6
2395	2396	2470	2471	2
1338	1339	3388	3389	2
947	948	2280	2281	2
88	92	2358	2362	5
760	761	2280	2281	2
478	482	2696	2700	5
509	513	2727	2731	5
1385	1386	2040	2041	2
1091	1092	3290	3291	2
108	109	2179	2180	2
2347	2348	3209	3210	2
2711	2712	3573	3574	2
1242	1243	1708	1709	2
456	457	2671	2672	2
106	115	2384	2393	10
285	286	2357	2358	2
277	278	1248	1249	2
1338	1341	3209	3212	4
676	690	2942	2956	15
1403	1411	3418	3426	9
1338	1339	2280	2281	2
305	306	2921	2922	2
266	267	2205	2206	2
577	578	2838	2839	2
947	948	3388	3389	2
1279	1280	3148	3149	2
1393	1395	3403	3405	3
674	675	2939	2940	2
1868	1870	2305	2307	3
2471	2472	3109	3110	2
401	403	2602	2604	3
305	306	2584	2585	2
135	136	1784	1785	2
947	948	1595	1596	2
1809	1810	3152	3153	2
869	870	1189	1190	2
2792	2793	3151	3152	2
947	948	2275	2276	2
296	297	1595	1596	2
559	564	2819	2824	6
566	568	2826	2828	3
570	576	2830	2836	7
580	582	2840	2842	3
586	590	2846	2850	5
1446	1447	1361	1362	2
1099	1100	1153	1154	2
1337	1338	3546	3547	2
822	824	3205	3207	3
924	925	3337	3338	2
947	948	2040	2041	2
434	436	2641	2643	3
1167	1168	2752	2753	2
947	948	1248	1249	2
976	977	3322	3323	2
1221	1222	1585	1586	2
760	761	2040	2041	2
1799	1800	3345	3346	2
760	761	2275	2276	2
305	306	1978	1979	2
329	330	1568	1569	2
1240	1241	1148	1149	2
1770	1774	3765	3769	5
1673	1693	3659	3679	21
1695	1697	3681	3683	3
825	826	2275	2276	2
1533	1534	2975	2976	2
2791	2792	2584	2585	2
1446	1447	2925	2926	2
1082	1083	1597	1598	2
1446	1447	1961	1962	2
1084	1085	1031	1032	2
1506	1507	1882	1883	2
917	918	2275	2276	2
2128	2129	3536	3537	2
1562	1563	2584	2585	2
356	358	2545	2547	3
913	914	1364	1365	2
349	353	2540	2544	5
1099	1100	3290	3291	2
601	603	1357	1359	3
813	816	890	893	4
3240	3241	3469	3470	2
2053	2055	1985	1987	3
1425	1427	3446	3448	3
1466	1469	3487	3490	4
305	306	1260	1261	2
266	267	1444	1445	2
2055	2056	1880	1881	2
266	268	1659	1661	3
2024	2025	2375	2376	2
760	761	779	780	2
800	806	3175	3181	7
873	877	3248	3252	5
294	295	1882	1883	2
296	297	2280	2281	2
2663	2664	3573	3574	2
1385	1386	2275	2276	2
1532	1533	1697	1698	2
288	289	1604	1605	2
2503	2505	3210	3212	3
1338	1341	1248	1251	4
2711	2712	3209	3210	2
1084	1085	2280	2281	2
274	278	460	464	5
1084	1085	3573	3574	2
852	853	3225	3226	2
860	863	3233	3236	4
917	918	779	780	2
1167	1168	1426	1427	2
810	812	3182	3184	3
856	859	3228	3231	4
869	870	3241	3242	2
917	918	1595	1596	2
2791	2792	3469	3470	2
825	828	1880	1883	4
1338	1341	2040	2043	4
2128	2129	2375	2376	2
760	761	1248	1249	2
1084	1085	2040	2041	2
296	297	2275	2276	2
1291	1292	1306	1307	2
2808	2809	2975	2976	2
2367	2368	2357	2358	2
913	914	1153	1154	2
825	826	3573	3574	2
1338	1342	1880	1884	5
760	761	1595	1596	2
709	711	3161	3163	3
2128	2129	1978	1979	2
348	349	1698	1699	2
917	920	2040	2043	4
760	761	3209	3210	2
1282	1283	1422	1423	2
1168	1169	1942	1943	2
3009	3010	3151	3152	2
760	761	1031	1032	2
2711	2712	3326	3327	2
947	948	1880	1881	2
954	955	1417	1418	2
1025	1026	2657	2658	2
825	828	3326	3329	4
1722	1723	3712	3713	2
1726	1727	3716	3717	2
3139	3140	3290	3291	2
2128	2129	2260	2261	2
2152	2153	2280	2281	2
1338	1340	1595	1597	3
694	699	2957	2962	6
451	462	2667	2678	12
517	518	2733	2734	2
2781	2782	3575	3576	2
2347	2348	3573	3574	2
342	343	2534	2535	2
345	346	2538	2539	2
2024	2025	2180	2181	2
2503	2505	3327	3329	3
2152	2153	2275	2276	2
2421	2422	2249	2250	2
1533	1534	1268	1269	2
2024	2025	1758	1759	2
947	949	3573	3575	3
1099	1100	1364	1365	2
1084	1085	3388	3389	2
1428	1429	3450	3451	2
1437	1442	3459	3464	6
3240	3241	3333	3334	2
361	364	2555	2558	4
2055	2056	2275	2276	2
377	378	2572	2573	2
391	393	1074	1076	3
405	408	2607	2610	4
410	413	2612	2615	4
424	425	2626	2627	2
1516	1517	2575	2576	2
2426	2427	3322	3323	2
429	433	2633	2637	5
763	764	1597	1598	2
2128	2129	2583	2584	2
1240	1243	1420	1423	4
1562	1563	3333	3334	2
919	920	1028	1029	2
1167	1168	1262	1263	2
2946	2947	3536	3537	2
1446	1447	1960	1961	2
2711	2712	3388	3389	2
1340	1341	1028	1029	2
481	482	2311	2312	2
463	472	2680	2689	10
476	477	2693	2694	2
502	505	2719	2722	4
1521	1522	1698	1699	2
2939	2940	2583	2584	2
3121	3122	3388	3389	2
2083	2084	1659	1660	2
491	493	2704	2706	3
496	497	2709	2710	2
499	501	2712	2714	3
556	557	2813	2814	2
594	599	2851	2856	6
1326	1327	3327	3328	2
875	876	3269	3270	2
2778	2779	2280	2281	2
1385	1386	1248	1249	2
2503	2505	2041	2043	3
2778	2779	3209	3210	2
630	664	2878	2912	35
1084	1085	779	780	2
2843	2844	3337	3338	2
2661	2662	2044	2045	2
1823	1824	1618	1619	2
1562	1563	1896	1897	2
718	719	3156	3157	2
2471	2472	2678	2679	2
2055	2056	3573	3574	2
2939	2940	2386	2387	2
2946	2947	3151	3152	2
1084	1085	463	464	2
3344	3345	3047	3048	2
825	828	1248	1251	4
763	764	781	782	2
1562	1563	1361	1362	2
3527	3528	3326	3327	2
2503	2505	1881	1883	3
2791	2792	2925	2926	2
763	764	2273	2274	2
1506	1507	1250	1251	2
1084	1085	1248	1249	2
2772	2773	2226	2227	2
2128	2129	2386	2387	2
918	919	749	750	2
2395	2396	2226	2227	2
2055	2056	2280	2281	2
791	798	3167	3174	8
1173	1174	3134	3135	2
2663	2666	3209	3212	4
819	821	3198	3200	3
1701	1702	3690	3691	2
1705	1707	3694	3696	3
2662	2663	3546	3547	2
2024	2025	1978	1979	2
826	827	1596	1597	2
1708	1712	3700	3704	5
1748	1763	3740	3755	16
1446	1447	1978	1979	2
2946	2947	2260	2261	2
1766	1767	1896	1897	2
1861	1862	3852	3853	2
917	918	2280	2281	2
849	850	3223	3224	2
871	872	3245	3246	2
2152	2153	1880	1881	2
2503	2504	1880	1881	2
2663	2666	2040	2043	4
1771	1772	1377	1378	2
2055	2056	2040	2041	2
2608	2609	2040	2041	2
909	914	3286	3291	6
2243	2244	1618	1619	2
918	920	1249	1251	3
947	948	779	780	2
1385	1386	779	780	2
2608	2609	3209	3210	2
3240	3241	2925	2926	2
2128	2129	1475	1476	2
2792	2793	2584	2585	2
954	957	3296	3299	4
969	971	3311	3313	3
3817	3818	3333	3334	2
2024	2025	2260	2261	2
2663	2664	2275	2276	2
1385	1386	1880	1881	2
2939	2940	2260	2261	2
1446	1447	1260	1261	2
2024	2025	1585	1586	2
3121	3122	2275	2276	2
2608	2609	2280	2281	2
1809	1810	2374	2375	2
1383	1385	1985	1987	3
2392	2393	2994	2995	2
2024	2025	1260	1261	2
1809	1810	3333	3334	2
2793	2794	1965	1966	2
1446	1447	447	448	2
2791	2792	1961	1962	2
2128	2129	2179	2180	2
2608	2609	3326	3327	2
1446	1447	3151	3152	2
2791	2792	1978	1979	2
1809	1810	1047	1048	2
3753	3754	2991	2992	2
1809	1810	1978	1979	2
2772	2773	2470	2471	2
1766	1767	1047	1048	2
3033	3034	2975	2976	2
2711	2712	1595	1596	2
1771	1772	1606	1607	2
2151	2152	1986	1987	2
2897	2898	1840	1841	2
1809	1810	1260	1261	2
1338	1339	779	780	2
3945	3947	3386	3388	3
2939	2940	2375	2376	2
3121	3124	3209	3212	4
1385	1386	463	464	2
1809	1810	915	916	2
2608	2609	1880	1881	2
2711	2712	2275	2276	2
1412	1413	643	644	2
2055	2056	1031	1032	2
3399	3400	2375	2376	2
2418	2419	1414	1415	2
1385	1386	1031	1032	2
2792	2793	2180	2181	2
1338	1339	1031	1032	2
3675	3676	3133	3134	2
1326	1330	749	753	5
2128	2129	1758	1759	2
2946	2947	2180	2181	2
2939	2940	1758	1759	2
3022	3023	2112	2113	2
2278	2279	1022	1023	2
2503	2505	1595	1597	3
1339	1341	3327	3329	3
1771	1772	1682	1683	2
3240	3241	3151	3152	2
1562	1563	915	916	2
2946	2947	2386	2387	2
1766	1767	1260	1261	2
2663	2664	2280	2281	2
2503	2504	2040	2041	2
2725	2726	1958	1959	2
2975	2976	1695	1696	2
3240	3241	1960	1961	2
2792	2793	2925	2926	2
1458	1462	3482	3486	5
3527	3528	2280	2281	2
2368	2369	1377	1378	2
1397	1399	3414	3416	3
2466	2467	1087	1088	2
1715	1716	3708	3709	2
1765	1768	3758	3761	4
1806	1813	3799	3806	8
2055	2056	779	780	2
1533	1534	151	152	2
2608	2609	1595	1596	2
3399	3400	2386	2387	2
3240	3241	1961	1962	2
1471	1472	2556	2557	2
1562	1563	3103	3104	2
2637	2638	1751	1752	2
3240	3241	1978	1979	2
2503	2504	2275	2276	2
2778	2779	1880	1881	2
2503	2504	3388	3389	2
2711	2712	2040	2041	2
2128	2129	1585	1586	2
2939	2940	2180	2181	2
2792	2793	2179	2180	2
1521	1522	604	605	2
2503	2505	1249	1251	3
2791	2792	1361	1362	2
3121	3124	1880	1883	4
3562	3563	3193	3194	2
2778	2779	3326	3327	2
2632	2634	1500	1502	3
2503	2504	3326	3327	2
2637	2638	1463	1464	2
2946	2947	1758	1759	2
2152	2153	1248	1249	2
1597	1598	371	372	2
2503	2504	1248	1249	2
3527	3528	3573	3574	2
2347	2348	1031	1032	2
3597	3600	2272	2275	4
2722	2723	1153	1154	2
3545	3546	2190	2191	2
2946	2947	1585	1586	2
1798	1804	3792	3798	7
2024	2025	447	448	2
2608	2609	1031	1032	2
3272	3273	1695	1696	2
2055	2056	1595	1596	2
2640	2642	935	937	3
2353	2354	783	784	2
2295	2297	711	713	3
2608	2609	1248	1249	2
3404	3405	1867	1868	2
3546	3547	2753	2754	2
3521	3522	1830	1831	2
2643	2645	939	941	3
2647	2648	943	944	2
1881	1882	215	216	2
2045	2046	233	234	2
3702	3703	1958	1959	2
3121	3124	1248	1251	4
2340	2341	754	755	2
1919	1920	1	2	2
3807	3808	1889	1890	2
3771	3772	1848	1849	2
3525	3526	1597	1598	2
3780	3785	1852	1857	6
1981	1983	127	129	3
3765	3769	1843	1847	5
1943	1946	34	37	4
1948	1951	42	45	4
2939	2940	1050	1051	2
1962	1967	74	79	6
2995	2998	1118	1121	4
1988	1989	132	133	2
1992	1993	136	137	2
2985	2986	1109	1110	2
1997	1999	146	148	3
2952	2956	1101	1105	5
3848	3853	1932	1937	6
2005	2007	163	165	3
2058	2060	221	223	3
2050	2052	215	217	3
2012	2019	181	188	8
2037	2038	206	207	2
2522	2528	815	821	7
2544	2555	837	848	12
2020	2023	190	193	4
2028	2029	201	202	2
3157	3158	1193	1194	2
3925	3926	1961	1962	2
2300	2310	720	730	11
2318	2321	738	741	4
2073	2074	245	246	2
2048	2050	212	214	3
2205	2209	552	556	5
3793	3794	1864	1865	2
2608	2609	779	780	2
2067	2069	234	236	3
2061	2066	227	232	6
3925	3926	2375	2376	2
2337	2339	745	747	3
2210	2212	558	560	3
3825	3834	1908	1917	10
3837	3847	1920	1930	11
2179	2180	455	456	2
2503	2505	779	781	3
2503	2504	1031	1032	2
2732	2733	1260	1261	2
3448	3449	1521	1522	2
3133	3134	1377	1378	2
4047	4049	2031	2033	3
3121	3122	1595	1596	2
2082	2084	276	278	3
2711	2712	779	780	2
3527	3528	1595	1596	2
2086	2094	282	290	9
2531	2534	823	826	4
2538	2543	830	835	6
2631	2635	923	927	5
2496	2500	808	812	5
4055	4056	2275	2276	2
3925	3926	2583	2584	2
2791	2792	1260	1261	2
3104	3106	1126	1128	3
3139	3143	1364	1368	5
4055	4056	2280	2281	2
4092	4093	2275	2276	2
3076	3078	975	977	3
2725	2726	1904	1905	2
2711	2712	1031	1032	2
3438	3439	1507	1508	2
3442	3444	1511	1513	3
2728	2730	1045	1047	3
3566	3567	1464	1465	2
3121	3124	2040	2043	4
2731	2740	1049	1058	10
3483	3484	1618	1619	2
4075	4077	2127	2129	3
2184	2185	489	490	2
2191	2193	514	516	3
2198	2199	524	525	2
3943	3947	1983	1987	5
2217	2219	562	564	3
2222	2231	567	576	10
2711	2712	1248	1249	2
2232	2240	578	586	9
3935	3936	2925	2926	2
2668	2669	955	956	2
3116	3118	1158	1160	3
3501	3513	1543	1555	13
3938	3940	1980	1982	3
2373	2376	1984	1987	4
3399	3400	1585	1586	2
2785	2787	1985	1987	3
3436	3437	1503	1504	2
2946	2947	2375	2376	2
2792	2793	1260	1261	2
2264	2273	679	688	10
2342	2344	757	759	3
3513	3514	1560	1561	2
3490	3497	1534	1541	8
3033	3034	1268	1269	2
3321	3322	1316	1317	2
4044	4046	2027	2029	3
3399	3400	1260	1261	2
2946	2947	1260	1261	2
3515	3517	1556	1558	3
3948	3955	1989	1996	8
2313	2314	732	733	2
2345	2346	764	765	2
2663	2664	779	780	2
3168	3169	1223	1224	2
3171	3174	1226	1229	4
3137	3138	1165	1166	2
2503	2504	463	464	2
2979	2980	939	940	2
2827	2828	1085	1086	2
2652	2653	679	680	2
2814	2817	1080	1083	4
3146	3148	1171	1173	3
3349	3350	1036	1037	2
3357	3358	1380	1381	2
3364	3374	1387	1397	11
3079	3101	979	1001	23
2504	2505	1028	1029	2
2971	2972	680	681	2
3925	3926	1585	1586	2
2939	2940	1260	1261	2
2711	2712	1880	1881	2
2791	2793	1960	1962	3
3527	3528	1880	1881	2
2663	2666	1880	1883	4
3329	3330	1323	1324	2
2792	2793	1978	1979	2
2493	2494	806	807	2
2946	2947	1475	1476	2
3240	3241	1047	1048	2
3925	3926	2260	2261	2
3221	3223	1176	1178	3
2556	2563	850	857	8
2566	2567	860	861	2
2569	2573	863	867	5
2584	2591	875	882	8
2595	2596	886	887	2
2619	2620	910	911	2
3349	3351	1345	1347	3
3513	3515	1254	1256	3
3139	3140	1153	1154	2
2581	2582	869	870	2
3121	3122	1031	1032	2
3333	3334	1332	1333	2
4062	4065	2051	2054	4
3758	3763	1837	1842	6
3816	3824	1895	1903	9
2778	2779	2040	2041	2
3817	3818	1260	1261	2
3772	3773	1444	1445	2
2791	2792	2180	2181	2
3121	3122	779	780	2
2664	2666	1249	1251	3
3065	3072	962	969	8
2939	2940	1585	1586	2
2792	2793	1960	1961	2
2792	2793	447	448	2
3176	3191	1230	1245	16
3421	3423	1481	1483	3
2939	2940	447	448	2
2799	2803	1064	1068	5
2805	2807	1070	1072	3
2831	2835	1092	1096	5
3810	3813	1891	1894	4
3150	3152	1181	1183	3
3433	3435	1497	1499	3
3557	3558	2432	2433	2
3925	3926	1047	1048	2
3828	3829	1075	1076	2
3925	3926	1260	1261	2
3123	3125	1028	1030	3
3472	3473	1377	1378	2
3221	3223	1145	1147	3
3240	3241	1260	1261	2
3572	3574	3295	3297	3
3482	3483	2082	2083	2
3741	3756	1807	1822	16
3293	3296	1309	1312	4
3283	3286	1301	1304	4
3702	3703	1904	1905	2
3337	3341	1335	1339	5
3925	3926	1960	1961	2
3772	3773	1659	1660	2
3906	3907	2390	2391	2
3527	3528	1031	1032	2
3550	3551	932	933	2
3915	3926	1968	1979	12
3772	3773	277	278	2
3857	3858	1946	1947	2
3860	3861	1949	1950	2
4031	4036	2013	2018	6
3	4	1547	1546	2
917	918	1596	1595	2
204	205	2061	2060	2
256	257	1613	1612	2
1326	1327	1798	1797	2
35	36	1029	1028	2
35	38	3329	3326	4
35	38	2043	2040	4
35	38	3212	3209	4
35	38	1883	1880	4
36	38	1597	1595	3
37	38	1032	1031	2
37	38	2276	2275	2
37	38	780	779	2
902	903	1835	1834	2
1446	1447	1979	1978	2
37	38	2281	2280	2
277	278	2041	2040	2
1533	1534	1270	1269	2
266	267	1444	1443	2
37	38	3389	3388	2
1385	1386	2041	2040	2
37	38	3574	3573	2
37	38	464	463	2
125	127	1794	1792	3
1084	1085	2281	2280	2
1084	1085	2276	2275	2
61	62	2330	2329	2
760	761	2041	2040	2
825	826	1596	1595	2
296	297	1249	1248	2
3121	3122	780	779	2
1167	1168	1269	1268	2
87	88	3565	3564	2
87	88	1683	1682	2
87	88	3767	3766	2
87	88	1378	1377	2
933	936	2208	2205	4
93	94	3323	3322	2
1809	1810	1051	1050	2
2055	2056	1249	1248	2
209	210	1683	1682	2
281	286	1611	1606	6
290	292	1602	1600	3
294	300	1598	1592	7
108	109	2375	2374	2
1338	1339	1032	1031	2
305	306	2180	2179	2
296	297	3210	3209	2
1506	1508	782	780	3
108	109	1979	1978	2
108	109	2922	2921	2
305	306	2725	2724	2
108	109	1362	1361	2
108	109	916	915	2
108	109	3153	3152	2
108	109	2585	2584	2
108	109	3803	3802	2
108	109	1048	1047	2
108	109	2181	2180	2
108	109	3334	3333	2
108	109	1897	1896	2
108	109	3619	3618	2
108	109	3760	3759	2
825	826	1249	1248	2
825	826	2041	2040	2
277	278	3327	3326	2
760	761	1881	1880	2
296	297	3389	3388	2
1572	1573	420	419	2
1562	1563	1759	1758	2
2128	2129	1048	1047	2
666	667	2734	2733	2
112	113	2391	2390	2
112	113	2083	2082	2
947	948	1249	1248	2
123	124	1805	1804	2
163	165	1765	1763	3
129	132	1791	1788	4
1340	1341	1598	1597	2
760	761	3210	3209	2
763	764	3212	3211	2
2128	2129	1261	1260	2
2619	2620	895	894	2
1809	1810	2181	2180	2
825	826	3210	3209	2
166	167	1760	1759	2
947	948	1596	1595	2
277	278	1032	1031	2
168	170	1757	1755	3
277	278	780	779	2
2024	2025	1979	1978	2
917	918	1249	1248	2
1580	1586	398	392	7
601	602	1351	1350	2
2792	2793	1261	1260	2
1532	1533	1879	1878	2
204	205	1700	1699	2
325	338	1573	1560	14
1337	1338	561	560	2
2152	2153	1032	1031	2
917	918	2041	2040	2
760	772	1032	1020	13
208	209	1685	1684	2
212	216	1681	1677	5
248	249	1645	1644	2
288	289	1605	1604	2
208	210	3566	3564	3
305	306	2261	2260	2
2511	2512	1465	1464	2
209	210	1607	1606	2
294	295	2274	2273	2
1385	1386	1881	1880	2
217	218	1672	1671	2
219	224	1669	1664	6
229	232	1659	1656	4
302	307	1589	1584	6
1098	1099	493	492	2
2503	2504	780	779	2
2083	2084	1444	1443	2
517	518	2919	2918	2
443	444	963	962	2
1443	1447	1965	1961	5
242	244	1652	1650	3
1809	1810	1979	1978	2
2608	2609	1032	1031	2
1609	1612	356	353	4
2608	2609	780	779	2
349	350	2434	2433	2
250	251	1625	1624	2
2637	2638	929	928	2
277	278	1249	1248	2
305	306	2387	2386	2
917	918	1881	1880	2
259	260	3226	3225	2
827	828	3212	3211	2
308	309	3445	3444	2
285	286	1683	1682	2
1595	1603	373	365	9
1633	1644	335	324	12
763	764	3329	3328	2
762	764	2044	2042	3
1650	1653	313	310	4
275	276	3179	3178	2
305	306	3152	3151	2
285	286	3565	3564	2
277	278	3210	3209	2
277	278	1881	1880	2
965	966	2700	2699	2
277	278	1596	1595	2
277	278	3389	3388	2
1385	1386	2281	2280	2
277	278	2276	2275	2
277	278	2281	2280	2
277	278	3574	3573	2
803	804	3048	3047	2
780	785	1015	1010	6
1718	1720	949	947	3
947	948	2281	2280	2
285	286	3767	3766	2
2791	2792	1261	1260	2
1605	1608	364	361	4
294	296	3549	3547	3
296	297	2276	2275	2
296	297	1881	1880	2
296	297	3327	3326	2
296	297	2041	2040	2
296	297	3574	3573	2
2128	2129	448	447	2
296	297	2281	2280	2
305	306	1979	1978	2
481	482	3323	3322	2
917	918	3210	3209	2
760	761	1249	1248	2
705	706	2993	2992	2
2939	2940	916	915	2
1338	1339	1596	1595	2
348	349	3554	3553	2
305	306	1261	1260	2
1809	1810	1476	1475	2
2024	2025	1261	1260	2
304	305	3601	3600	2
1823	1824	2082	2081	2
2608	2609	1249	1248	2
2128	2129	1979	1978	2
305	306	3537	3536	2
1533	1534	1693	1692	2
305	306	2376	2375	2
305	306	3504	3503	2
305	306	1476	1475	2
305	306	2181	2180	2
947	948	2276	2275	2
305	306	2584	2583	2
305	306	448	447	2
305	306	1362	1361	2
305	306	1051	1050	2
1084	1085	1596	1595	2
760	761	1596	1595	2
910	912	2167	2165	3
1562	1563	2261	2260	2
1766	1767	1476	1475	2
825	826	1881	1880	2
2541	2542	311	310	2
825	826	464	463	2
935	936	1445	1444	2
1084	1085	1032	1031	2
348	349	1699	1698	2
1562	1563	2387	2386	2
1385	1386	1596	1595	2
348	349	3145	3144	2
348	349	3146	3145	2
348	349	3532	3531	2
825	828	2276	2273	4
705	706	1346	1345	2
774	776	1019	1017	3
2663	2664	1249	1248	2
1082	1085	1251	1248	4
390	391	2995	2994	2
1562	1563	1586	1585	2
947	948	3327	3326	2
1446	1447	1307	1306	2
2045	2046	1547	1546	2
2808	2809	1427	1426	2
760	761	2281	2280	2
700	707	1042	1035	8
1340	1341	782	781	2
720	730	1411	1401	11
917	918	780	779	2
1385	1386	1249	1248	2
2711	2712	1249	1248	2
2030	2031	1034	1033	2
947	948	1881	1880	2
825	826	2281	2280	2
442	443	965	964	2
2055	2056	1596	1595	2
1282	1283	1436	1435	2
825	826	3389	3388	2
1221	1222	1897	1896	2
1385	1386	2276	2275	2
1308	1309	2717	2716	2
2128	2129	1897	1896	2
2632	2633	1146	1145	2
455	457	2673	2671	3
455	456	2672	2671	2
2347	2348	780	779	2
456	457	2673	2672	2
1809	1810	1362	1361	2
2808	2809	884	883	2
2152	2153	1881	1880	2
935	936	1660	1659	2
917	918	3327	3326	2
917	921	2276	2272	5
2374	2375	1986	1985	2
760	761	3327	3326	2
760	761	2276	2275	2
2128	2129	2181	2180	2
1533	1534	1263	1262	2
2808	2809	1263	1262	2
2024	2025	1307	1306	2
1766	1767	1586	1585	2
1766	1767	1051	1050	2
601	602	1619	1618	2
825	826	3327	3326	2
2778	2779	1032	1031	2
1562	1563	1476	1475	2
947	950	3389	3386	4
2055	2056	2281	2280	2
1081	1083	1030	1028	3
1355	1356	2036	2035	2
2024	2025	1048	1047	2
2608	2609	464	463	2
2778	2779	780	779	2
1809	1810	1759	1758	2
2614	2615	1652	1651	2
1771	1772	2358	2357	2
3140	3141	494	493	2
2504	2505	782	781	2
760	761	3389	3388	2
947	948	3574	3573	2
2055	2056	2276	2275	2
2710	2712	1597	1595	3
760	761	3574	3573	2
760	761	780	779	2
760	761	464	463	2
2946	2947	1362	1361	2
913	914	1366	1365	2
919	920	1598	1597	2
2772	2773	1547	1546	2
2128	2129	1362	1361	2
4014	4016	607	605	3
1084	1085	3574	3573	2
2665	2666	1598	1597	2
2152	2153	2041	2040	2
2939	2940	1048	1047	2
3179	3180	1233	1232	2
2946	2947	1048	1047	2
2778	2779	1249	1248	2
1241	1242	2980	2979	2
827	828	3549	3548	2
825	826	780	779	2
825	826	1032	1031	2
825	826	3574	3573	2
2024	2025	2375	2374	2
1446	1447	1261	1260	2
1766	1767	2387	2386	2
2791	2792	1362	1361	2
3121	3122	1032	1031	2
827	828	782	781	2
947	948	3210	3209	2
2055	2056	2041	2040	2
2710	2712	781	779	3
965	966	2312	2311	2
1809	1810	2261	2260	2
1385	1386	3210	3209	2
1446	1447	1961	1960	2
3089	3090	990	989	2
2808	2809	1270	1269	2
2503	2504	1596	1595	2
2792	2793	1307	1306	2
2987	2988	1112	1111	2
1533	1534	1427	1426	2
2024	2025	2181	2180	2
2503	2504	1798	1797	2
2939	2940	1362	1361	2
3121	3122	1249	1248	2
1385	1386	780	779	2
917	918	1032	1031	2
917	918	3389	3388	2
917	918	3574	3573	2
3121	3122	1596	1595	2
2778	2779	1596	1595	2
1617	1631	350	336	15
1646	1649	321	318	4
1661	1662	306	305	2
2347	2348	1881	1880	2
2608	2609	1881	1880	2
1338	1342	2276	2272	5
947	948	1032	1031	2
947	948	2041	2040	2
948	951	1987	1984	4
2504	2505	1598	1597	2
2637	2638	1464	1463	2
1533	1534	2979	2978	2
1082	1085	3212	3209	4
976	977	2700	2699	2
1809	1810	2376	2375	2
3033	3034	1270	1269	2
2390	2391	1912	1911	2
1010	1011	3356	3355	2
2285	2286	2312	2311	2
2426	2427	2312	2311	2
3524	3526	1030	1028	3
2347	2348	2276	2275	2
2152	2153	780	779	2
1168	1169	3397	3396	2
1809	1810	1586	1585	2
1506	1507	2274	2273	2
2731	2732	1049	1048	2
1446	1447	1362	1361	2
1066	1067	3490	3489	2
1506	1508	1598	1596	3
1385	1386	3389	3388	2
1081	1085	3330	3326	5
1082	1085	1883	1880	4
1083	1085	2042	2040	3
1084	1085	3389	3388	2
2503	2504	1249	1248	2
2778	2779	1881	1880	2
1809	1810	2387	2386	2
1092	1093	3291	3290	2
2637	2638	1752	1751	2
2024	2025	448	447	2
1124	1125	3435	3434	2
2792	2793	1979	1978	2
1167	1168	3602	3601	2
3123	3124	1598	1597	2
1521	1522	3145	3144	2
3008	3009	1959	1958	2
1338	1339	3389	3388	2
2243	2244	2082	2081	2
2778	2779	2041	2040	2
1221	1222	3619	3618	2
1221	1222	3803	3802	2
2347	2348	1249	1248	2
2759	2763	719	715	5
2946	2947	1897	1896	2
2024	2025	916	915	2
1246	1247	3794	3793	2
1246	1247	3346	3345	2
2711	2712	1881	1880	2
2791	2793	1962	1960	3
2493	2494	807	806	2
4055	4056	1032	1031	2
3340	3341	1339	1338	2
2939	2940	1897	1896	2
1446	1447	3334	3333	2
2152	2153	2276	2275	2
1587	1592	389	384	6
2152	2153	1249	1248	2
2503	2504	2281	2280	2
1340	1341	3549	3548	2
2608	2609	2281	2280	2
1292	1293	1307	1306	2
3222	3223	1820	1819	2
2503	2504	464	463	2
2503	2504	1881	1880	2
2711	2712	464	463	2
3753	3754	1147	1146	2
1562	1563	2181	2180	2
2711	2712	1032	1031	2
2661	2662	2272	2271	2
1823	1824	1358	1357	2
1338	1339	1881	1880	2
3598	3599	1029	1028	2
1338	1339	3210	3209	2
1338	1339	3327	3326	2
1338	1339	2041	2040	2
2347	2348	1032	1031	2
1338	1339	3574	3573	2
1521	1522	1699	1698	2
3008	3009	1905	1904	2
1351	1352	3092	3091	2
2024	2025	3153	3152	2
2808	2809	1693	1692	2
2987	2988	2143	2142	2
1353	1354	3226	3225	2
1384	1386	3575	3573	3
1468	1469	3490	3489	2
2390	2393	1076	1073	4
1385	1386	1032	1031	2
2732	2733	1979	1978	2
2128	2129	2585	2584	2
2503	2504	2276	2275	2
2792	2793	1962	1961	2
3121	3122	1881	1880	2
2939	2940	1261	1260	2
1446	1447	3470	3469	2
1544	1545	3520	3519	2
1446	1447	2181	2180	2
2024	2025	2180	2179	2
3753	3754	1178	1177	2
2024	2025	2922	2921	2
3576	3577	1381	1380	2
1473	1474	3562	3561	2
2265	2266	1846	1845	2
1494	1500	3560	3554	7
2778	2779	2276	2275	2
2248	2249	2815	2814	2
1512	1513	3541	3540	2
1518	1523	3535	3530	6
1502	1511	3553	3544	10
2055	2056	1881	1880	2
3817	3818	1261	1260	2
2778	2779	2281	2280	2
1555	1557	3512	3510	3
2663	2664	1032	1031	2
1521	1522	3146	3145	2
1521	1522	3554	3553	2
2939	2940	1979	1978	2
2128	2129	2375	2374	2
2663	2666	2276	2273	4
2902	2903	2037	2036	2
3526	3528	1597	1595	3
3483	3484	1358	1357	2
3925	3926	916	915	2
1533	1534	2753	2752	2
1551	1553	3518	3516	3
1562	1563	3537	3536	2
2426	2427	2700	2699	2
1559	1566	3507	3500	8
3120	3121	561	560	2
2791	2792	2180	2179	2
2791	2792	2181	2180	2
3033	3034	1263	1262	2
2055	2056	3210	3209	2
3907	3908	1358	1357	2
2503	2504	2041	2040	2
2663	2664	1881	1880	2
1809	1810	2584	2583	2
2791	2792	2585	2584	2
1809	1810	3537	3536	2
2024	2025	3334	3333	2
2152	2153	3210	3209	2
3399	3400	1979	1978	2
2024	2025	2585	2584	2
2055	2056	3389	3388	2
2905	2906	2539	2538	2
4092	4093	1032	1031	2
3564	3565	1820	1819	2
3525	3528	2043	2040	4
2152	2153	3389	3388	2
2347	2348	3210	3209	2
2711	2712	2041	2040	2
1809	1810	3504	3503	2
3527	3528	464	463	2
3121	3125	2276	2272	5
2347	2348	3327	3326	2
2503	2504	3210	3209	2
2144	2147	3583	3580	4
2374	2375	3387	3386	2
2150	2151	3579	3578	2
3846	3847	1931	1930	2
3133	3134	2358	2357	2
2024	2025	3803	3802	2
2024	2025	3619	3618	2
2024	2025	3760	3759	2
2643	2644	2037	2036	2
2148	2153	3578	3573	6
2158	2159	3568	3567	2
2054	2056	3575	3573	3
3399	3400	1307	1306	2
3900	3901	1445	1444	2
3925	3926	1759	1758	2
2096	2097	3656	3655	2
2102	2103	3650	3649	2
2608	2609	3210	3209	2
3865	3866	1953	1952	2
2100	2101	3654	3653	2
2104	2105	3647	3646	2
2106	2115	3642	3633	10
3504	3505	2471	2470	2
2116	2129	3631	3618	14
2128	2129	3104	3103	2
2128	2129	3760	3759	2
2128	2129	3803	3802	2
2135	2143	3593	3585	9
2152	2153	2281	2280	2
2152	2153	1596	1595	2
3239	3240	1979	1978	2
2946	2947	1979	1978	2
2663	2664	3327	3326	2
3107	3108	1683	1682	2
2946	2947	3153	3152	2
3027	3029	3117	3115	3
2285	2286	2700	2699	2
2608	2609	3574	3573	2
3925	3926	1979	1978	2
2792	2793	2926	2925	2
3039	3040	2679	2678	2
3719	3720	2429	2428	2
3817	3818	1476	1475	2
2347	2348	3389	3388	2
2347	2348	3574	3573	2
2711	2712	3210	3209	2
2503	2504	3327	3326	2
3472	3473	2358	2357	2
2367	2369	3767	3765	3
2367	2368	3565	3564	2
2608	2609	3327	3326	2
2373	2374	3576	3575	2
2373	2374	3579	3578	2
2375	2376	3575	3574	2
2608	2609	2276	2275	2
2663	2664	1596	1595	2
3935	3936	2261	2260	2
2711	2712	3389	3388	2
3121	3122	2281	2280	2
3504	3505	2227	2226	2
3598	3600	2043	2041	3
2791	2792	3152	3151	2
3925	3926	2048	2047	2
2791	2792	2926	2925	2
2946	2947	3104	3103	2
2503	2504	3389	3388	2
2503	2504	3574	3573	2
3531	3538	2520	2513	8
2608	2609	2041	2040	2
3606	3608	2507	2505	3
2971	2972	1846	1845	2
3935	3936	1261	1260	2
2663	2664	3210	3209	2
2939	2940	2585	2584	2
2732	2733	3619	3618	2
2791	2792	3334	3333	2
2608	2609	3389	3388	2
2732	2733	3334	3333	2
4055	4056	1881	1880	2
3035	3036	3112	3111	2
3817	3818	2376	2375	2
2711	2712	2276	2275	2
3054	3058	3083	3079	5
3557	3558	2434	2433	2
3239	3241	1962	1960	3
2665	2666	3549	3548	2
3222	3223	2992	2991	2
3882	3883	2107	2106	2
3905	3909	2084	2080	5
2663	2664	2041	2040	2
2663	2664	3574	3573	2
2663	2664	3389	3388	2
2939	2940	2375	2374	2
2710	2711	3548	3547	2
2792	2793	3470	3469	2
2711	2712	3327	3326	2
2711	2712	3574	3573	2
2720	2721	2553	2552	2
2939	2940	2922	2921	2
2939	2940	3619	3618	2
2732	2733	3803	3802	2
2732	2733	2926	2925	2
2778	2781	3389	3386	4
2778	2779	3574	3573	2
3375	3376	1696	1695	2
2778	2779	3210	3209	2
3910	3911	2078	2077	2
3925	3926	2180	2179	2
3900	3901	2206	2205	2
3133	3134	3055	3054	2
2786	2787	3575	3574	2
2784	2785	3579	3578	2
2791	2792	1979	1978	2
3769	3770	1003	1002	2
2791	2792	3470	3469	2
2792	2793	2181	2180	2
3817	3818	2387	2386	2
3376	3377	3226	3225	2
3121	3122	3389	3388	2
4092	4093	1596	1595	2
3039	3044	3110	3105	6
3723	3724	2426	2425	2
3239	3240	1961	1960	2
2939	2940	3803	3802	2
2939	2940	3334	3333	2
2939	2940	3104	3103	2
3935	3936	1586	1585	2
2946	2947	2585	2584	2
2946	2947	3334	3333	2
2946	2947	3619	3618	2
3635	3641	2475	2469	7
3647	3655	2463	2455	9
3107	3108	3565	3564	2
3123	3124	3549	3548	2
3240	3241	1979	1978	2
3005	3006	3140	3139	2
3729	3736	2416	2409	8
3008	3010	3135	3133	3
3603	3604	2509	2508	2
3609	3615	2503	2497	7
3012	3021	3128	3119	10
3121	3122	3210	3209	2
4055	4058	2276	2273	4
3121	3122	3327	3326	2
3240	3241	1962	1961	2
3121	3122	3574	3573	2
3239	3240	3470	3469	2
3598	3600	3329	3327	3
3768	3769	1848	1847	2
3254	3255	3826	3825	2
3564	3565	2992	2991	2
3399	3400	3619	3618	2
3399	3400	3104	3103	2
3399	3400	3803	3802	2
3399	3400	2585	2584	2
3598	3600	3212	3210	3
4092	4093	3210	3209	2
3525	3528	3329	3326	4
3525	3528	3212	3209	4
3527	3528	2276	2275	2
3527	3528	3389	3388	2
3527	3528	3574	3573	2
3527	3528	2281	2280	2
3545	3546	3607	3606	2
3561	3562	3194	3193	2
3575	3577	3303	3301	3
3617	3634	2494	2477	18
3585	3586	3184	3183	2
3588	3589	2515	2514	2
3925	3926	3619	3618	2
4055	4056	3327	3326	2
3925	3926	2387	2386	2
3935	3936	2387	2386	2
4057	4058	3549	3548	2


